mx	my	mz	ax	ay	az	gx	gy	gz	ms
-135	0416	0327	-003	-019	-254	00019	00011	00006	0
-135	0420	0330	-011	-015	-259	-0009	00013	00011	1
-136	0424	0330	-005	-021	-249	-0013	00011	00006	2
-136	0413	0335	-011	-021	-249	-0004	00014	-0004	3
-133	0422	0326	-006	-015	-257	-0004	00013	-0001	4
-139	0421	0329	-006	-019	-258	-0029	00014	00010	5
-139	0420	0330	-004	-016	-253	-0004	00010	-0004	6
-135	0427	0329	0000	-020	-257	00000	00008	00002	7
-132	0417	0335	-003	-019	-254	00006	00007	-0003	8
-139	0428	0328	-002	-021	-257	-0015	00018	00003	9
-139	0428	0337	-003	-025	-252	-0006	00004	00004	10
-133	0423	0316	-005	-014	-255	-0005	00015	00011	11
-130	0418	0329	-004	-021	-256	00007	00010	00003	12
-139	0416	0332	-009	-022	-254	-0001	00008	00007	13
-142	0419	0336	0001	-017	-257	-0007	00013	00010	14
-145	0417	0326	-003	-021	-245	-0001	00011	00007	15
-138	0425	0337	-003	-021	-251	-0001	00010	00006	16
-142	0423	0328	-008	-020	-259	-0006	00010	00001	17
-140	0425	0329	-003	-029	-253	00001	00009	00005	18
-143	0418	0328	-002	-020	-266	00004	00011	00005	19
-137	0409	0333	-011	-025	-255	-0002	00011	00005	20
-135	0426	0329	-009	-023	-253	-0005	00013	00010	21
-134	0415	0341	-003	-021	-254	00000	00014	00004	22
-135	0419	0330	-004	-025	-256	00005	00008	00006	23
-133	0414	0332	-002	-018	-256	00001	00014	00007	24
-134	0419	0328	0001	-010	-258	-0001	00010	00007	25
-139	0415	0325	-007	-025	-253	00003	00011	00009	26
-135	0415	0327	0005	-020	-245	-0001	00013	00004	27
-138	0417	0330	0000	-019	-258	00000	00013	00006	28
-137	0409	0328	-012	-013	-254	00001	00015	00003	29
-131	0427	0326	-006	-013	-249	00003	00006	00008	30
-137	0411	0332	-008	-023	-254	00002	00011	00002	31
-132	0421	0326	-002	-019	-254	00001	00010	00005	32
-136	0417	0336	-002	-019	-246	00002	00016	00010	33
-136	0420	0326	-007	-020	-255	00003	00010	00005	34
-137	0420	0332	-007	-021	-255	-0003	00011	00004	35
-138	0420	0325	-006	-020	-255	00003	00014	00006	36
-133	0420	0330	-008	-018	-255	00004	00012	00003	37
-136	0413	0335	0001	-025	-254	00000	00011	00005	38
-136	0421	0325	-006	-026	-253	-0003	00010	00007	39
-137	0424	0327	-005	-025	-246	00001	00015	00000	40
-134	0419	0333	0005	-026	-242	00005	00012	00005	41
-137	0415	0326	-006	-020	-259	-0002	00010	00007	42
-138	0427	0334	-004	-024	-246	-0003	00011	00007	43
-132	0422	0331	-009	-021	-251	00001	00011	00004	44
-140	0419	0330	-010	-020	-250	00000	00011	00001	45
-142	0419	0338	0004	-018	-254	00000	00011	00001	46
-133	0412	0325	-006	-018	-261	-0001	00015	00007	47
-141	0413	0339	-005	-020	-258	00001	00012	00007	48
-136	0422	0334	-008	-023	-246	-0002	00012	00005	49
-125	0429	0324	-004	-027	-255	00001	00012	00005	50
-137	0411	0326	-004	-016	-259	00002	00011	00007	51
-134	0416	0325	-009	-025	-259	-0001	00013	00007	52
-137	0423	0331	-009	-021	-255	00001	00011	00002	53
-131	0433	0338	-009	-023	-253	-0001	00008	00006	54
-137	0425	0325	-006	-017	-254	-0001	00011	00002	55
-136	0410	0325	-002	-020	-259	00001	00011	00005	56
-143	0412	0329	-003	-021	-253	-0003	00009	00010	57
-132	0409	0330	0000	-022	-255	00000	00012	00003	58
-140	0420	0322	-008	-023	-264	-0003	00009	00003	59
-135	0427	0329	-009	-019	-249	-0003	00014	00005	60
-141	0414	0331	-004	-018	-247	00001	00011	-0001	61
-129	0417	0329	-014	-017	-257	-0001	00007	00005	62
-136	0413	0337	-006	-021	-249	00001	00012	00002	63
-136	0426	0325	-005	-023	-254	-0002	00010	00007	64
-136	0421	0334	-013	-026	-259	-0002	00014	00009	65
-136	0416	0329	-008	-023	-242	-0003	00015	-0001	66
-131	0420	0337	-005	-023	-248	-0001	00009	00002	67
-141	0421	0331	-008	-024	-250	00000	00011	00006	68
-142	0413	0333	-011	-015	-256	-0001	00010	00010	69
-135	0422	0323	-005	-022	-260	-0001	00013	00006	70
-139	0415	0327	-005	-021	-250	00000	00013	00002	71
-141	0405	0339	-001	-027	-257	-0002	00012	00001	72
-139	0417	0332	-006	-021	-256	-0005	00009	00007	73
-138	0412	0335	-011	-021	-251	00000	00014	00005	74
-140	0423	0327	-009	-024	-259	-0005	00008	00005	75
-140	0418	0326	0004	-021	-255	00000	00010	00003	76
-133	0415	0325	0000	-028	-262	-0002	00010	00005	77
-140	0412	0325	0000	-013	-248	-0003	00005	00001	78
-132	0417	0330	0004	-025	-255	00002	00010	00007	79
-134	0421	0326	0000	-016	-251	-0001	00007	00008	80
-137	0418	0325	-001	-015	-261	00001	00008	00006	81
-141	0414	0326	0000	-023	-255	-0001	00010	00002	82
-133	0416	0333	-006	-018	-257	-0001	00010	00002	83
-134	0425	0331	-009	-024	-258	-0035	00010	-0021	84
-128	0422	0335	-012	-016	-248	00021	-0045	-0038	85
-135	0425	0325	-001	-015	-272	-0096	-0071	-0046	86
-139	0445	0329	0004	-021	-259	-0020	-0076	00016	87
-136	0452	0320	-009	-037	-244	00021	-0134	00070	88
-133	0469	0315	-006	-036	-257	00081	-0019	-0020	89
-138	0468	0309	-001	-048	-248	00022	-0129	00012	90
-140	0492	0307	0004	-051	-251	-0008	-0093	00018	91
-144	0497	0294	-007	-060	-245	-0012	-0034	-0011	92
-140	0497	0299	0003	-057	-251	00025	-0017	-0003	93
-129	0498	0310	-003	-058	-254	00004	-0002	-0002	94
-135	0494	0305	-009	-070	-247	-0056	-0004	00019	95
-136	0497	0299	-005	-065	-253	-0033	-0021	00001	96
-132	0514	0291	-003	-068	-239	00004	-0003	00035	97
-133	0512	0297	0000	-067	-245	00023	-0017	-0009	98
-139	0525	0291	-006	-073	-248	00007	-0034	00008	99
-133	0512	0295	-009	-074	-243	00019	-0007	00001	100
-130	0522	0288	-007	-077	-254	00034	-0007	00021	101
-131	0515	0291	-004	-083	-244	00067	00003	00025	102
-133	0521	0288	-013	-073	-243	-0042	00016	00011	103
-135	0526	0292	-003	-077	-236	00027	00008	00013	104
-130	0520	0288	-007	-078	-242	-0012	00028	-0005	105
-123	0516	0299	-007	-076	-243	-0003	00001	00009	106
-133	0512	0293	-011	-074	-249	-0011	00021	00001	107
-121	0518	0293	-008	-071	-237	00001	00020	-0004	108
-125	0519	0288	-008	-072	-248	00005	00012	00006	109
-135	0524	0286	-005	-078	-245	-0013	00005	00002	110
-129	0522	0291	-006	-075	-257	-0007	00005	00007	111
-124	0525	0290	-008	-076	-237	00015	00011	00001	112
-128	0529	0282	-006	-071	-241	-0009	-0005	00000	113
-129	0517	0283	-003	-075	-234	00036	00006	00017	114
-128	0524	0295	-008	-076	-255	-0013	00022	00001	115
-136	0516	0294	-002	-080	-242	00017	00011	00017	116
-134	0520	0300	-002	-075	-249	-0004	00013	00008	117
-140	0524	0287	-006	-072	-239	-0017	00013	00000	118
-128	0515	0294	-009	-077	-246	00009	-0002	00009	119
-126	0515	0291	-002	-079	-249	-0021	00020	00000	120
-128	0526	0292	-003	-073	-246	00010	00005	00007	121
-129	0513	0288	-009	-078	-249	00009	00027	00010	122
-133	0524	0294	-005	-080	-248	00002	00008	-0003	123
-131	0522	0287	-009	-079	-243	00000	00022	00010	124
-130	0524	0292	-006	-078	-240	-0001	00000	00005	125
-140	0516	0295	-010	-073	-241	-0001	00010	-0002	126
-132	0517	0286	-004	-081	-237	00026	00048	00019	127
-129	0517	0281	-007	-074	-249	-0027	-0027	00000	128
-136	0519	0294	0001	-086	-241	-0005	00027	00011	129
-134	0524	0292	-007	-080	-240	00008	00024	00007	130
-131	0522	0286	-011	-082	-239	-0006	00006	00000	131
-132	0514	0292	0000	-081	-255	00027	00005	00004	132
-126	0523	0292	-008	-069	-240	-0005	00019	00006	133
-124	0522	0290	-014	-087	-248	-0013	00022	00001	134
-126	0531	0285	-011	-082	-245	-0001	00014	00010	135
-128	0523	0296	-007	-080	-241	00008	00011	00007	136
-128	0510	0293	-007	-080	-259	00020	00007	00010	137
-132	0525	0293	-013	-070	-247	-0013	00007	00004	138
-133	0517	0287	-009	-083	-249	00018	00015	00002	139
-133	0518	0286	-005	-073	-241	-0005	-0001	00004	140
-136	0528	0285	-009	-077	-246	00000	00006	00001	141
-133	0531	0295	-007	-084	-238	00008	00021	00008	142
-129	0519	0284	-006	-078	-244	-0006	00017	00005	143
-126	0517	0295	-009	-073	-244	00004	00026	-0001	144
-124	0524	0291	-007	-067	-243	-0002	00009	00013	145
-122	0523	0287	-006	-075	-242	-0008	-0002	00003	146
-124	0520	0285	-012	-078	-245	00038	00023	00009	147
-123	0519	0288	-015	-081	-247	00036	00014	-0003	148
-122	0522	0289	-012	-082	-235	-0010	00035	00002	149
-110	0523	0302	-013	-075	-247	00060	00048	00026	150
-117	0520	0299	-016	-079	-250	00046	00102	00003	151
-114	0494	0297	-012	-068	-236	00039	00134	00020	152
-097	0488	0299	-026	-060	-244	00050	00144	00063	153
-098	0476	0298	-022	-049	-242	00075	00109	-0013	154
-079	0450	0310	-036	-046	-248	00120	00145	00015	155
-067	0453	0303	-036	-032	-249	00170	00071	-0018	156
-056	0448	0300	-049	-031	-249	00173	00035	00019	157
-047	0444	0303	-047	-033	-241	00076	00058	00009	158
-041	0435	0308	-059	-031	-252	00098	00081	00023	159
-019	0430	0297	-071	-025	-240	00092	00027	00012	160
-019	0425	0295	-063	-027	-243	00038	00033	00021	161
-023	0431	0295	-065	-018	-244	-0016	00027	00024	162
-021	0424	0302	-070	-018	-240	00087	00010	00006	163
-018	0425	0299	-070	-023	-239	00011	00040	00022	164
-008	0420	0299	-069	-022	-236	-0013	00046	00017	165
-013	0424	0307	-068	-007	-241	00041	00018	-0003	166
-007	0414	0302	-069	-026	-242	-0020	00019	00026	167
-011	0425	0300	-066	-018	-234	00044	-0013	00009	168
-014	0408	0296	-074	-010	-237	00025	00017	-0008	169
-012	0412	0298	-070	-014	-238	-0009	00013	00003	170
-006	0421	0289	-073	-012	-235	00013	00023	00006	171
-008	0419	0299	-073	-014	-227	00024	00004	00006	172
-003	0413	0296	-074	-019	-219	-0110	-0068	00068	173
-009	0414	0301	-066	-017	-245	00052	00055	-0050	174
-001	0423	0294	-074	-022	-240	00017	00003	00023	175
0000	0409	0297	-075	-025	-246	-0033	00051	-0003	176
-004	0412	0292	-065	-016	-247	00022	00003	00002	177
-003	0410	0293	-076	-022	-242	00008	00012	00010	178
-003	0416	0302	-071	-012	-242	-0052	00006	00001	179
-017	0413	0308	-069	-017	-250	00006	00002	00003	180
-009	0414	0300	-077	-027	-247	00010	00017	00009	181
-012	0418	0299	-075	-017	-241	-0005	00005	00007	182
-009	0419	0293	-075	-016	-242	-0040	-0035	00013	183
-017	0412	0301	-061	-022	-248	-0053	00008	00006	184
-015	0419	0307	-064	-019	-232	-0004	00010	00010	185
-018	0421	0301	-064	-019	-241	-0002	00009	00013	186
-014	0419	0301	-063	-022	-238	-0013	00007	00001	187
-016	0415	0294	-069	-028	-246	-0052	00006	-0001	188
-029	0423	0300	-067	-026	-247	00012	00024	00002	189
-017	0413	0298	-059	-023	-233	00018	00008	00000	190
-014	0420	0303	-058	-025	-237	00003	00015	00014	191
-016	0417	0303	-060	-023	-253	00015	00013	00009	192
-018	0414	0295	-063	-024	-244	00026	00014	00006	193
-015	0418	0292	-066	-012	-243	-0013	00012	00006	194
-026	0421	0304	-067	-018	-242	00010	00007	00005	195
-015	0415	0303	-065	-020	-241	-0005	00009	00002	196
-018	0421	0299	-064	-025	-241	-0006	00007	00000	197
-030	0416	0303	-074	-019	-248	-0061	00015	00006	198
-033	0432	0306	-059	-026	-247	-0079	00005	00013	199
-047	0418	0307	-054	-025	-249	-0152	-0005	-0005	200
-061	0431	0311	-047	-025	-254	-0158	-0011	00009	201
-084	0428	0315	-042	-028	-245	-0125	-0023	00010	202
-083	0434	0315	-028	-037	-254	-0142	00013	00024	203
-099	0447	0324	-021	-029	-256	-0083	00049	00011	204
-109	0429	0317	-014	-017	-257	-0138	00042	00004	205
-128	0419	0327	-006	-032	-254	-0185	00054	00001	206
-144	0424	0331	-016	-023	-246	-0183	00020	00000	207
-155	0410	0341	0003	-021	-261	-0121	00026	-0004	208
-166	0411	0339	0004	-015	-253	-0205	00007	-0008	209
-184	0417	0342	0014	-018	-257	-0121	00022	-0011	210
-192	0417	0331	0024	-011	-254	-0079	00001	-0005	211
-190	0422	0342	0025	-016	-251	-0084	00014	-0001	212
-207	0414	0334	0034	-018	-248	-0111	00043	-0010	213
-216	0403	0332	0043	-022	-250	-0036	00031	00000	214
-214	0412	0328	0036	-020	-250	-0025	00019	00014	215
-217	0406	0340	0034	-016	-255	-0064	00001	00002	216
-231	0407	0342	0055	-013	-249	00007	00022	00001	217
-224	0405	0335	0041	-011	-249	-0052	00018	00002	218
-195	0414	0338	0038	-016	-254	00342	-0038	00013	219
-152	0420	0334	0021	-025	-258	00333	00001	00007	220
-136	0425	0328	-007	-023	-247	00084	-0021	00005	221
-124	0421	0332	-008	-018	-257	00055	-0004	-0007	222
-130	0421	0325	-016	-026	-256	00087	00050	00007	223
-107	0395	0330	-012	-015	-250	00071	00153	00047	224
-097	0382	0331	-016	-008	-247	00068	00164	00055	225
-099	0366	0337	-023	0001	-255	-0031	00103	00008	226
-088	0364	0333	-024	0006	-252	00058	00122	00025	227
-099	0352	0334	0017	0042	-317	-0024	00099	00021	228
-103	0345	0337	-024	0016	-255	-0029	00019	00004	229
-095	0338	0347	-030	0023	-229	00008	00040	00025	230
-100	0341	0343	-023	0017	-246	-0040	00033	-0008	231
-094	0325	0349	-019	0025	-253	00019	00061	00025	232
-101	0328	0352	-023	0020	-248	00020	00040	-0004	233
-097	0327	0349	-015	0019	-253	-0040	00026	00009	234
-099	0328	0356	-024	0022	-247	00001	00030	00005	235
-093	0322	0348	-016	0021	-244	-0030	00040	00005	236
-094	0325	0349	-028	0028	-237	00007	00030	00013	237
-093	0317	0352	-017	0028	-259	00018	00020	00009	238
-100	0310	0350	-021	0023	-248	00010	00028	00009	239
-095	0317	0351	-013	0036	-246	00012	00021	00006	240
-095	0313	0353	-017	0036	-248	-0007	00029	00002	241
-100	0317	0343	-011	0032	-246	-0016	00021	00008	242
-100	0315	0352	-019	0027	-248	00036	-0007	00015	243
-096	0311	0343	-014	0030	-248	-0019	-0008	00006	244
-096	0307	0351	-027	0023	-254	-0008	00050	00016	245
-104	0296	0350	-022	0028	-244	-0003	00047	00006	246
-097	0310	0354	-015	0040	-241	00016	00042	00006	247
-095	0302	0349	-021	0035	-253	00028	00050	00024	248
-093	0296	0353	-021	0034	-256	00005	00030	-0002	249
-081	0306	0357	-019	0040	-242	-0004	00014	00009	250
-089	0300	0356	-030	0028	-253	00006	00018	-0004	251
-096	0310	0350	-020	0042	-255	-0031	-0012	00009	252
-099	0307	0345	-014	0046	-248	-0057	-0002	00001	253
-120	0302	0351	-019	0039	-241	-0110	-0024	-0002	254
-117	0312	0351	-006	0032	-248	-0102	-0014	00016	255
-126	0306	0363	-004	0030	-244	-0073	-0021	00003	256
-152	0313	0348	0000	0032	-253	-0078	-0005	00020	257
-149	0324	0346	0015	0033	-254	-0130	-0007	-0001	258
-167	0319	0352	0008	0025	-255	-0099	00006	00022	259
-177	0327	0349	0013	0029	-245	-0061	00000	00004	260
-161	0318	0355	0013	0022	-247	00047	00008	00001	261
-146	0312	0359	0016	0032	-253	00153	00016	00004	262
-127	0315	0343	0008	0026	-261	00229	00042	00002	263
-101	0317	0354	-002	0029	-245	00196	00009	-0013	264
-087	0321	0356	-021	0030	-257	00138	-0003	00021	265
-076	0311	0343	-032	0030	-255	00150	00003	00021	266
-059	0317	0335	-028	0027	-247	00136	-0009	00030	267
-042	0311	0332	-031	0032	-242	00130	00024	-0008	268
-034	0321	0339	-050	0026	-245	00066	00030	-0009	269
-035	0313	0327	-048	0030	-251	00045	00010	00006	270
-031	0323	0330	-056	0036	-239	-0005	00040	-0002	271
-022	0319	0335	-052	0021	-241	00034	-0004	-0008	272
-025	0311	0337	-056	0027	-246	00023	-0005	00012	273
-035	0314	0339	-057	0036	-238	-0080	-0011	00006	274
-052	0324	0334	-045	0027	-245	-0181	-0024	00003	275
-070	0320	0339	-040	0026	-248	-0159	-0030	-0002	276
-074	0338	0332	-035	0022	-248	-0151	-0110	-0012	277
-090	0362	0341	-021	0012	-253	-0012	-0277	-0018	278
-091	0386	0336	-024	0004	-262	-0070	-0204	-0045	279
-110	0418	0329	-012	-010	-261	-0009	-0201	-0023	280
-119	0429	0323	-003	-025	-256	-0005	-0090	00025	281
-123	0436	0318	-019	-022	-250	00028	-0013	00046	282
-119	0442	0317	-001	-033	-256	00039	-0078	-0019	283
-114	0452	0315	-006	-037	-254	00038	-0099	00001	284
-108	0461	0308	-008	-043	-249	-0017	-0079	00002	285
-115	0474	0312	-011	-049	-246	00040	-0087	-0003	286
-105	0483	0300	-004	-053	-245	-0002	-0087	00000	287
-116	0488	0302	-007	-064	-242	00033	-0021	00008	288
-110	0494	0300	-010	-061	-241	00010	-0025	00014	289
-107	0499	0290	-011	-069	-258	00005	00025	-0012	290
-104	0490	0312	-011	-058	-246	00003	00051	00000	291
-116	0465	0312	-011	-059	-245	-0047	00263	-0014	292
-120	0449	0327	-004	-042	-245	-0126	00248	-0013	293
-128	0428	0334	0001	-031	-254	-0060	00134	-0017	294
-118	0419	0325	-010	-018	-256	00079	00036	-0011	295
-119	0431	0328	-037	-052	-246	-0091	00044	00040	296
-116	0426	0326	-007	-016	-254	00020	00027	-0002	297
-121	0422	0327	-009	-021	-248	00100	-0013	00022	298
-118	0424	0331	-026	-027	-245	00006	00064	-0123	299
-089	0409	0315	-009	-019	-253	00204	00012	00044	300
-091	0415	0314	-023	-002	-262	-0096	-0050	-0002	301
-075	0379	0326	-053	-014	-249	00000	00382	00084	302
-093	0375	0326	-018	-007	-271	-0102	-0052	00030	303
-094	0397	0321	-017	-010	-248	-0011	-0147	00011	304
-093	0389	0325	-009	-013	-248	00024	00026	00051	305
-094	0384	0333	-018	-022	-252	00033	00044	00039	306
-086	0394	0328	-027	-006	-262	00027	-0027	00005	307
-091	0375	0328	-012	-012	-255	00071	00066	00049	308
-073	0379	0328	-033	-002	-250	00169	-0012	-0011	309
-069	0380	0337	-028	-016	-257	00036	00030	00053	310
-078	0376	0326	-027	0004	-243	-0058	00076	-0006	311
-074	0365	0331	-034	-008	-241	00106	00041	00023	312
-074	0363	0341	-029	-002	-245	-0098	-0015	-0002	313
-081	0366	0334	-022	-002	-255	00104	-0020	-0013	314
-081	0368	0327	-034	0004	-257	00069	00039	00002	315
-075	0350	0331	-037	-011	-279	-0086	00067	00008	316
-070	0343	0346	-034	0004	-239	-0054	00082	00016	317
-089	0362	0337	-028	0007	-237	-0126	-0153	-0058	318
-094	0384	0326	-010	-010	-247	-0062	-0124	00028	319
-081	0374	0331	-014	-012	-252	00046	00046	00012	320
-086	0369	0340	-029	-017	-244	00015	00085	00026	321
-083	0383	0319	-028	-017	-247	00052	-0025	-0024	322
-088	0380	0333	-032	-004	-264	-0055	00048	-0006	323
-095	0386	0330	-020	-012	-262	-0046	00073	-0005	324
-090	0383	0326	-022	-008	-245	00013	00036	00004	325
-094	0385	0329	-015	-006	-259	-0033	00016	-0005	326
-088	0373	0327	-021	0000	-251	00011	00027	00017	327
-086	0381	0332	-022	-001	-259	00009	00015	00001	328
-094	0381	0323	-017	0004	-279	-0090	-0024	00020	329
-095	0386	0336	-026	-004	-262	00089	-0105	00020	330
-098	0396	0328	-020	-008	-211	00008	-0125	00014	331
-088	0387	0325	-009	-019	-212	-0056	00166	00030	332
-093	0378	0329	-022	-007	-260	00010	00145	00009	333
-088	0393	0323	-028	-006	-277	00000	-0093	-0003	334
-093	0381	0316	-024	-008	-293	00056	-0032	-0003	335
-080	0388	0316	-020	-021	-255	00140	-0115	00048	336
-088	0398	0330	-009	-021	-211	-0187	-0069	-0003	337
-092	0394	0323	-012	-023	-205	-0118	00207	-0066	338
-089	0384	0327	-036	-017	-273	00012	00223	00043	339
-075	0363	0326	-027	-004	-279	00060	00064	00002	340
-076	0383	0321	-023	0000	-293	-0019	-0115	-0007	341
-076	0388	0319	-034	-018	-270	00176	-0138	00058	342
-080	0390	0317	-025	-011	-196	-0041	-0055	00023	343
-085	0393	0331	-015	-028	-221	-0025	00134	-0009	344
-079	0381	0334	-027	-008	-276	-0045	00241	-0008	345
-085	0366	0328	-028	-011	-288	-0030	00037	-0002	346
-092	0381	0328	-027	-009	-279	-0095	-0071	00012	347
-089	0386	0329	-013	-011	-254	00071	-0163	00002	348
-085	0390	0324	-025	-008	-255	00076	-0044	00033	349
-101	0403	0329	-006	-017	-201	-0076	-0092	-0040	350
-094	0397	0335	-014	-020	-214	-0062	00152	00019	351
-074	0383	0326	-008	-019	-256	00197	00172	00009	352
-090	0392	0326	-024	-007	-268	-0072	00012	-0012	353
-087	0389	0326	-020	0001	-294	00054	-0063	-0003	354
-077	0385	0320	-030	-023	-271	00076	-0083	00021	355
-075	0395	0318	-034	-013	-229	-0037	-0075	00054	356
-093	0405	0326	-033	-026	-171	-0134	-0020	-0036	357
-087	0385	0319	-007	-016	-237	00022	00268	00032	358
-083	0387	0325	-026	0003	-260	00018	00008	-0066	359
-098	0392	0322	-021	-013	-290	00021	00074	00034	360
-080	0381	0325	-027	-012	-296	-0025	-0035	-0001	361
-088	0386	0330	-016	-012	-271	00049	-0127	00073	362
-085	0399	0315	-013	-012	-208	00168	-0204	00032	363
-096	0399	0326	-021	-028	-201	-0102	00188	-0001	364
-070	0378	0330	-026	-015	-257	00064	00180	00006	365
-086	0381	0319	-028	-005	-256	00005	00004	-0073	366
-079	0386	0321	-030	-007	-270	-0006	00010	-0015	367
-084	0384	0323	-024	-003	-300	-0060	00048	00041	368
-077	0381	0320	-025	-016	-287	00001	-0114	00032	369
-072	0396	0316	-020	-018	-184	-0228	-0074	00090	370
-073	0379	0321	-019	-030	-191	00165	00241	-0053	371
-080	0371	0326	-041	0004	-272	-0138	00198	-0002	372
-079	0380	0323	-025	0005	-279	-0029	-0078	-0002	373
-095	0392	0326	-016	-009	-253	-0137	-0025	-0030	374
-097	0388	0322	-012	-004	-255	-0044	-0131	-0042	375
-095	0403	0326	-015	-001	-255	-0006	-0066	-0028	376
-106	0412	0326	-005	-015	-256	-0055	-0055	-0013	377
-116	0426	0327	-014	-029	-262	-0139	-0115	-0013	378
-108	0423	0325	-003	-026	-245	00038	00014	-0003	379
-114	0423	0328	-020	-019	-256	-0123	-0026	-0042	380
-109	0426	0329	-002	-025	-265	00015	-0016	-0002	381
-108	0424	0323	-003	-031	-272	00248	-0027	00029	382
-102	0423	0323	-011	-027	-253	00024	00088	00076	383
-092	0414	0317	-017	-017	-263	00081	00054	00043	384
-089	0400	0319	-027	-006	-310	-0004	00150	00098	385
-070	0396	0326	0008	-009	-247	00474	00002	00070	386
-073	0397	0330	-013	-017	-179	-0099	-0069	-0028	387
-089	0389	0326	-008	-032	-216	-0136	00154	-0010	388
-075	0391	0320	-016	-002	-257	00105	00029	-0056	389
-101	0397	0319	-021	-013	-250	-0175	00012	-0043	390
-094	0401	0321	-021	-013	-259	00014	-0026	00001	391
-092	0411	0321	-028	-025	-263	-0043	-0032	-0038	392
-105	0412	0316	-033	-051	-214	-0060	-0007	-0041	393
-114	0423	0326	-012	-027	-242	-0206	00178	00092	394
-133	0432	0327	-024	-013	-238	-0204	-0119	-0110	395
-130	0430	0329	0004	-026	-255	-0034	00049	00004	396
-128	0428	0328	-005	-026	-257	00154	-0029	00026	397
-124	0429	0327	-013	-028	-263	-0020	00037	00003	398
-127	0425	0334	-001	-018	-254	00049	00025	00019	399
-127	0433	0332	-014	-023	-250	-0062	00024	-0007	400
-134	0435	0323	-006	-025	-254	00074	00010	00010	401
-128	0439	0323	0000	-027	-250	-0010	00016	00008	402
-119	0437	0333	-008	-024	-249	-0015	00012	-0001	403
-118	0431	0329	-004	-020	-258	-0025	00011	00001	404
-130	0425	0324	-007	-029	-253	00037	00006	00005	405
-120	0429	0326	-010	-022	-249	00021	00006	00006	406
-119	0430	0325	-008	-022	-254	-0010	00010	00005	407
-122	0432	0322	-011	-024	-252	-0015	00014	00001	408
-123	0432	0326	-009	-021	-257	00011	00016	00005	409
-123	0427	0336	-004	-022	-259	00013	00025	00011	410
-121	0429	0325	-009	-021	-264	-0027	00030	00011	411
-125	0428	0326	-013	-023	-258	-0067	00022	00010	412
-124	0429	0329	-008	-024	-254	00078	00002	-0001	413
-119	0434	0328	-005	-025	-260	00093	00002	00011	414
-125	0427	0329	0004	-027	-256	00010	00013	00003	415
-125	0431	0328	-005	-029	-247	-0083	00020	-0001	416
-122	0426	0326	-011	-030	-253	00010	00006	00004	417
-123	0432	0327	-007	-027	-255	00042	00005	00004	418
-114	0428	0329	-011	-028	-262	00009	00007	00007	419
-126	0426	0332	-010	-021	-256	-0034	00018	00010	420
-124	0434	0323	-006	-025	-252	-0020	00014	00008	421
-117	0435	0327	-006	-029	-256	-0012	00011	00009	422
-130	0431	0326	-007	-024	-260	00027	-0001	00004	423
-116	0428	0335	0000	-027	-259	00008	00009	00008	424
-121	0424	0324	-002	-028	-254	00005	00016	00002	425
-121	0424	0322	-009	-020	-246	-0030	00023	00012	426
-121	0430	0327	-001	-028	-264	00006	00011	00000	427
-122	0430	0338	-007	-028	-257	-0006	00011	00006	428
-124	0426	0325	-013	-023	-256	00030	00006	00009	429
-120	0424	0325	-012	-029	-249	-0005	00015	00001	430
-127	0428	0327	-013	-023	-258	-0018	00015	00010	431
-121	0423	0327	-001	-026	-253	-0012	00007	00000	432
-123	0434	0327	-004	-027	-254	00027	00023	00019	433
-122	0424	0330	-009	-018	-256	00010	00009	00008	434
-126	0435	0326	-004	-021	-256	-0007	00004	00005	435
-127	0436	0330	-002	-021	-256	00010	00007	00010	436
-124	0433	0326	-017	-028	-256	-0022	00015	00002	437
-124	0426	0322	-016	-031	-239	-0182	00091	00012	438
-123	0424	0327	0012	-036	-258	00438	-0032	00075	439
-095	0427	0313	-006	-022	-260	00288	-0012	-0027	440
-094	0422	0323	-035	-029	-223	-0018	00023	-0013	441
-091	0428	0315	-024	-020	-249	00028	00081	00031	442
-093	0412	0312	-020	-016	-258	-0049	00087	00040	443
-091	0413	0323	-031	-018	-263	-0044	-0015	00043	444
-086	0402	0326	-024	-018	-249	-0010	-0049	00007	445
-089	0407	0330	-020	-020	-254	00013	00058	00020	446
-101	0402	0320	-016	-022	-256	-0004	00011	00018	447
-098	0400	0323	-017	-009	-250	-0008	-0008	00015	448
-101	0409	0325	-019	-021	-254	-0010	00036	00022	449
-099	0397	0324	-027	-021	-254	-0005	00014	00018	450
-099	0400	0325	-026	-013	-248	-0011	00012	00018	451
-098	0405	0326	-015	-011	-247	00016	00011	00018	452
-098	0385	0326	-028	-017	-251	00007	00008	00008	453
-102	0397	0328	-024	-004	-248	-0001	-0003	00018	454
-105	0401	0328	-013	-013	-254	-0035	00028	00009	455
-106	0397	0335	-022	-014	-253	00029	00005	00018	456
-109	0392	0330	-016	-014	-246	-0008	00005	00004	457
-098	0394	0326	-017	-016	-257	00032	00036	00017	458
-097	0395	0331	-012	-012	-262	00016	00012	00009	459
-103	0392	0323	-018	-020	-242	00000	-0020	00008	460
-104	0389	0324	-024	-013	-250	00004	00009	00011	461
-103	0402	0326	-011	-008	-250	-0002	00021	00006	462
-103	0395	0330	-013	-008	-257	-0008	00000	00010	463
-091	0392	0327	-011	-017	-257	-0002	00002	00002	464
-110	0380	0332	-013	-021	-250	-0001	00038	00030	465
-100	0396	0330	-016	-010	-259	-0004	00014	00010	466
-109	0391	0329	-016	-016	-251	-0024	00011	00007	467
-108	0383	0320	-021	-019	-248	00035	00018	00011	468
-099	0389	0324	-014	-011	-257	-0024	00028	-0002	469
-104	0381	0334	-021	-019	-253	-0005	00014	00005	470
-108	0384	0326	-010	-011	-248	-0009	-0001	-0018	471
-108	0392	0332	-023	-016	-256	00027	-0001	-0008	472
-103	0382	0331	-023	-018	-255	00051	00048	00017	473
-097	0392	0325	-022	-012	-249	00021	00017	-0002	474
-097	0379	0320	-032	-018	-249	-0070	-0002	00013	475
-107	0381	0331	-016	-018	-255	00080	00030	00009	476
-092	0376	0332	-015	-013	-247	00028	00027	00004	477
-100	0376	0334	-021	-013	-247	-0016	00001	00002	478
-111	0387	0337	-026	-021	-254	00021	00028	00028	479
-108	0380	0325	-014	-013	-264	00000	-0024	00003	480
-097	0377	0327	-027	-013	-261	00009	-0014	00000	481
-109	0372	0343	-022	-004	-253	-0017	00037	00011	482
-094	0374	0333	-012	-021	-256	00031	00040	00005	483
-101	0367	0343	-018	-006	-264	00051	00031	-0009	484
-097	0372	0333	-031	-009	-249	00019	00028	00000	485
-098	0362	0338	-024	-012	-244	-0042	00026	00025	486
-097	0376	0334	-017	-002	-245	-0013	-0019	-0015	487
-099	0386	0339	-021	-011	-252	-0026	-0062	-0012	488
-101	0378	0338	-016	-015	-255	-0020	00011	00008	489
-098	0382	0335	-024	-016	-248	-0006	00030	00024	490
-109	0379	0331	-022	-019	-254	00007	00021	00011	491
-105	0389	0340	-026	-007	-255	-0033	00006	-0011	492
-099	0377	0333	-020	-006	-248	00025	00002	-0019	493
-101	0372	0329	-021	-012	-253	-0001	00024	00012	494
-104	0379	0334	-018	-008	-249	00002	00012	00011	495
-109	0389	0328	-021	-010	-255	-0003	00013	00005	496
-094	0380	0323	-020	-014	-253	00021	00035	00010	497
-096	0377	0329	-029	-010	-255	-0010	00060	00022	498
-099	0379	0325	-024	-006	-249	-0017	00003	00018	499
-102	0377	0323	-024	-015	-249	-0005	00004	00003	500
-099	0376	0329	-016	-010	-254	-0005	00040	00002	501
-099	0386	0326	-021	-008	-255	00009	00031	-0005	502
-095	0380	0322	-016	0001	-260	00020	00005	-0002	503
-097	0384	0322	-016	-007	-260	-0022	00006	-0013	504
-096	0375	0325	-014	-005	-245	00034	00007	-0004	505
-092	0387	0329	-023	-004	-246	-0020	00032	-0004	506
-097	0386	0323	-023	-003	-243	-0014	00069	00001	507
-106	0402	0328	0009	-010	-268	-0195	-0107	00020	508
-108	0399	0327	-015	-041	-217	-0098	00138	00019	509
-119	0429	0321	-011	-014	-242	-0021	-0163	-0032	510
-130	0423	0329	-009	-025	-274	00006	-0093	00015	511
-127	0432	0327	-013	-025	-258	00022	00031	00025	512
-128	0422	0333	-002	-033	-256	-0050	00024	-0014	513
-131	0432	0331	0000	-031	-242	-0010	00029	00015	514
-135	0434	0326	0005	-024	-253	00040	00008	-0024	515
-141	0424	0327	0004	-021	-254	00049	00010	00014	516
-129	0426	0330	-002	-031	-250	-0003	00017	00001	517
-134	0426	0324	0003	-029	-253	-0032	00017	00007	518
-128	0429	0335	0002	-026	-261	-0050	00020	00007	519
-133	0431	0324	-002	-027	-248	00008	00013	00009	520
-131	0429	0332	-001	-022	-257	00024	00007	-0001	521
-131	0436	0316	0005	-028	-251	00028	00006	00009	522
-141	0424	0315	-013	-033	-254	00005	00017	00003	523
-131	0429	0325	0004	-025	-267	-0010	00023	00002	524
-141	0432	0328	0001	-031	-250	-0017	00038	00011	525
-127	0427	0335	-004	-031	-253	00001	00027	00001	526
-132	0437	0336	0000	-026	-253	-0020	00015	00003	527
-139	0428	0322	0001	-024	-257	00056	-0009	00004	528
-136	0436	0325	0004	-026	-254	00025	-0008	-0002	529
-134	0429	0334	0004	-027	-252	-0010	00018	00003	530
-130	0432	0322	0001	-025	-251	-0056	00025	00013	531
-143	0425	0333	-004	-028	-245	-0038	00020	00004	532
-131	0443	0322	-004	-026	-256	00006	00015	00013	533
-137	0426	0330	0007	-023	-253	00017	-0002	00010	534
-129	0433	0326	-004	-025	-262	00009	00003	00011	535
-128	0431	0334	0006	-025	-256	00024	00010	00000	536
-131	0434	0329	0005	-028	-252	00009	00022	00017	537
-139	0432	0325	0000	-025	-262	-0003	00013	00004	538
-136	0436	0325	-001	-024	-254	-0017	00006	00003	539
-135	0423	0331	0004	-031	-257	-0003	00009	00002	540
-139	0426	0328	0001	-031	-262	00003	00008	00001	541
-139	0424	0332	0003	-023	-254	00011	00012	00005	542
-139	0430	0333	0005	-022	-252	00006	00012	00008	543
-138	0430	0334	0005	-026	-259	00003	00013	-0004	544
-130	0430	0328	-003	-023	-250	-0004	00020	00008	545
-132	0427	0328	-006	-021	-256	00006	00006	00009	546
-141	0433	0330	0004	-023	-251	-0015	00010	-0005	547
-134	0434	0334	-002	-025	-247	00000	00018	00010	548
-132	0430	0331	0008	-023	-248	00004	00016	00005	549
-128	0428	0331	-003	-030	-253	00000	00007	00007	550
-131	0423	0335	-006	-036	-245	-0008	00003	00007	551
-136	0436	0321	-002	-022	-260	-0018	00017	00006	552
-130	0432	0324	0004	-027	-259	00030	00007	00001	553
-133	0425	0326	0004	-029	-256	-0004	00004	00008	554
-136	0430	0324	0000	-034	-254	-0035	00027	00010	555
-132	0434	0338	0002	-029	-253	00013	00023	00005	556
-133	0431	0323	-001	-028	-255	00010	00005	-0003	557
-132	0430	0338	0000	-024	-244	00030	00009	00018	558
-138	0426	0337	0006	-020	-255	00024	00005	-0001	559
-135	0433	0332	-002	-027	-250	-0019	00015	00001	560
-135	0431	0329	-005	-025	-257	-0008	00017	00007	561
-135	0430	0325	-005	-027	-262	00000	00010	00001	562
-134	0434	0329	0000	-027	-250	-0001	00020	00008	563
-142	0427	0323	-005	-024	-254	00000	00009	00010	564
-134	0435	0326	0004	-022	-253	-0014	00001	00007	565
-124	0426	0326	-003	-026	-250	-0011	00017	00008	566
-133	0430	0330	0006	-030	-257	00003	00014	00002	567
-136	0429	0322	0001	-020	-253	00006	00011	00008	568
-136	0431	0328	-002	-025	-250	-0010	00016	00002	569
-136	0433	0325	-002	-027	-256	-0008	00012	00001	570
-136	0423	0329	-003	-022	-259	-0002	00014	00003	571
-130	0429	0332	-006	-032	-254	-0005	00008	00008	572
-130	0421	0323	-004	-025	-253	00001	00006	00006	573
-138	0434	0321	0007	-028	-250	-0009	00020	00011	574
-140	0433	0336	0000	-027	-259	-0002	00009	-0002	575
-137	0430	0330	0007	-021	-250	-0024	00015	00254	576
-136	0432	0332	0004	-028	-250	00008	00009	00003	577
-133	0432	0321	-001	-025	-257	00023	00010	00001	578
-137	0425	0330	0004	-024	-251	00004	00006	00006	579
-136	0434	0324	0003	-027	-258	-0011	00012	00001	580
-133	0435	0333	-001	-033	-254	-0012	00015	-0002	581
-136	0440	0330	-004	-025	-253	00016	00011	00008	582
-132	0441	0321	-001	-034	-255	00019	00011	00008	583
-132	0424	0328	-003	-021	-248	00019	00006	00002	584
-143	0429	0324	0006	-025	-258	00008	00012	00003	585
-136	0424	0322	-005	-027	-253	00004	00021	00008	586
-138	0431	0331	0004	-024	-260	-0001	00015	00009	587
-135	0430	0327	0000	-020	-254	00004	00006	-0001	588
-134	0430	0330	-002	-027	-245	-0017	00011	00008	589
-130	0434	0337	0003	-029	-253	00000	00005	00007	590
-134	0420	0327	-008	-020	-257	-0011	00024	00004	591
-137	0432	0336	0005	-023	-265	00009	00012	00005	592
-136	0442	0320	-003	-028	-255	00012	00007	00004	593
-131	0426	0326	-003	-023	-259	00002	00013	00006	594
-136	0433	0335	0001	-033	-254	00003	00013	00008	595
-128	0435	0326	-005	-027	-258	00006	00015	00006	596
-129	0426	0322	-001	-022	-254	-0009	00014	00000	597
-135	0434	0332	0005	-023	-254	00000	00009	00004	598
-129	0423	0329	0006	-027	-256	-0004	00012	00003	599
-136	0436	0332	0003	-026	-254	00008	00009	00002	600
-142	0438	0326	0011	-025	-253	-0002	00008	00003	601
-137	0434	0335	-006	-024	-253	-0003	00013	00008	602
-134	0431	0326	-001	-022	-257	-0001	00009	00011	603
-135	0424	0332	0004	-026	-253	-0001	00005	00010	604
-140	0432	0326	-004	-024	-251	-0002	00015	00000	605
-138	0430	0326	-006	-022	-257	-0008	00016	00007	606
-141	0440	0329	0001	-029	-249	-0038	00028	00008	607
-139	0427	0330	-001	-030	-248	00002	00005	00010	608
-131	0436	0330	-002	-028	-253	-0007	-0005	00001	609
-139	0431	0330	0002	-030	-258	00001	-0009	-0002	610
-138	0437	0330	-005	-027	-262	-0001	00022	00009	611
-131	0433	0322	-005	-029	-253	-0012	00028	00010	612
-130	0428	0330	0001	-029	-252	-0004	00008	00009	613
-139	0429	0329	0001	-021	-260	00001	00004	00004	614
-135	0433	0330	-002	-027	-255	00004	00014	00007	615
-134	0422	0325	0003	-023	-254	00002	00013	00009	616
-131	0422	0330	-005	-024	-256	00001	00012	00009	617
-135	0424	0322	-003	-025	-255	-0001	00010	00005	618
-133	0431	0328	0009	-016	-262	00078	-0035	00007	619
-133	0430	0322	0007	-023	-249	00048	00021	00021	620
-137	0431	0337	0001	-025	-250	-0064	00008	-0010	621
-137	0429	0318	-004	-019	-258	-0011	00004	00001	622
-137	0432	0323	0005	-029	-254	00017	00018	-0009	623
-135	0435	0325	-007	-025	-249	-0015	00025	00000	624
-140	0433	0323	-002	-018	-253	-0058	00021	00017	625
-128	0424	0331	-005	-028	-258	-0056	-0016	00044	626
-133	0436	0331	-002	-030	-250	00022	-0003	00002	627
-132	0434	0339	0000	-022	-262	00000	00000	00003	628
-138	0435	0325	0004	-021	-248	-0008	00004	00000	629
-139	0425	0326	0004	-025	-260	-0001	00012	00008	630
-129	0436	0331	0000	-027	-251	-0011	00026	00008	631
-137	0436	0330	-002	-024	-251	-0007	00018	-0001	632
-129	0430	0333	-004	-035	-257	-0034	00035	00000	633
-129	0431	0333	-004	-023	-259	-0046	00044	00029	634
-133	0432	0325	0001	-015	-249	-0065	-0010	-0019	635
-138	0428	0322	0005	-039	-261	00030	00008	-0025	636
-132	0432	0324	0007	-036	-246	00003	00028	00030	637
-139	0428	0334	-002	-033	-251	00079	00001	-0001	638
-133	0422	0326	0008	-028	-254	00012	-0003	00008	639
-138	0428	0332	-002	-025	-246	-0045	00024	00005	640
-144	0423	0330	-001	-026	-255	-0049	00021	00001	641
-139	0429	0327	0005	-021	-256	-0026	00019	00003	642
-132	0430	0330	0002	-030	-245	00017	00004	00002	643
-133	0423	0331	0006	-020	-254	00046	-0003	-0001	644
-139	0432	0328	0004	-024	-250	00004	00018	00010	645
-136	0430	0327	-002	-024	-254	-0008	00008	-0002	646
-139	0427	0340	-012	-028	-254	-0001	00019	00018	647
-127	0428	0319	0035	-007	-305	00681	-0167	-0039	648
-136	0427	0324	-010	-063	-390	-0579	00084	00026	649
-133	0427	0330	-024	-025	-217	-0349	00084	-0011	650
-129	0429	0331	-001	-023	-252	00165	00013	00012	651
-136	0424	0321	0006	-022	-260	00156	-0058	-0039	652
-131	0429	0318	0012	-013	-266	00111	-0002	-0019	653
-131	0402	0343	-002	-023	-274	00271	-0040	00042	654
-123	0384	0351	-013	-031	-263	-0011	00319	-0006	655
-124	0387	0350	-012	-005	-251	00122	-0187	-0010	656
-098	0391	0342	-025	-026	-338	00181	00225	-0262	657
-176	0407	0357	0020	0002	-236	-0352	-0396	00082	658
-131	0418	0345	0011	-018	-240	00572	-0130	00021	659
-156	0406	0356	-023	-025	-231	-0518	00053	00022	660
-156	0396	0360	-001	-025	-258	00276	00045	-0029	661
-145	0407	0347	-011	-035	-269	00110	00034	00064	662
-157	0395	0346	0005	-013	-251	-0100	-0094	00029	663
-142	0417	0353	-005	-035	-242	00151	00007	-0090	664
-158	0413	0351	0004	-019	-265	-0050	00068	-0033	665
-148	0415	0352	-008	-016	-257	00194	-0093	00040	666
-131	0411	0341	-011	-034	-250	-0150	00093	-0043	667
-112	0403	0345	-024	-021	-273	00317	00026	-0023	668
-129	0416	0347	-017	-019	-258	-0216	00016	-0033	669
-131	0427	0342	-017	-026	-255	-0118	-0010	-0035	670
-131	0428	0354	-039	-022	-270	-0069	00051	-0047	671
-140	0415	0344	-022	-022	-259	00060	-0047	00032	672
-138	0425	0348	-013	-030	-261	00010	00243	00026	673
-125	0419	0345	-017	-021	-266	00047	00050	00024	674
-129	0419	0337	-005	-030	-256	00009	00074	-0098	675
-141	0408	0347	-024	-016	-240	-0168	00078	00016	676
-138	0418	0347	-006	-020	-269	00169	-0025	00106	677
-123	0408	0350	-027	-024	-253	-0116	00108	00119	678
-130	0410	0355	-007	-016	-253	-0080	00003	-0021	679
-133	0401	0351	-019	-006	-247	-0108	00076	-0013	680
-121	0417	0347	-015	-018	-246	00036	00100	00014	681
-131	0404	0365	-014	0004	-242	-0116	00135	00008	682
-120	0390	0358	-033	-005	-241	-0007	00087	00019	683
-103	0403	0357	-003	0029	-290	00106	-0236	00099	684
-102	0414	0346	-025	-007	-225	-0512	-0274	00083	685
-089	0417	0341	-017	-018	-270	-0304	-0010	-0212	686
-083	0410	0340	-019	-025	-262	00063	00051	-0045	687
-090	0438	0324	-032	-020	-256	00362	-0101	-0149	688
-129	0434	0342	-042	-028	-216	-0305	00194	-0080	689
-118	0439	0351	0002	-017	-261	00414	-0244	00083	690
-117	0435	0334	-036	-025	-260	-0513	-0098	-0004	691
-114	0438	0341	0000	-033	-239	00303	00088	00089	692
-119	0439	0321	-023	-033	-260	-0223	-0041	-0040	693
-106	0451	0319	-024	-042	-264	-0098	-0022	00016	694
-104	0462	0319	-033	-051	-232	00003	00064	-0003	695
-104	0452	0315	0041	-044	-310	00072	00007	-0004	696
-096	0452	0321	-030	-055	-240	00050	00191	00024	697
-102	0457	0324	-026	-042	-257	00038	00025	-0002	698
-092	0452	0312	-025	-038	-243	00028	00002	00013	699
-097	0455	0320	-026	-047	-243	-0018	00024	00004	700
-092	0455	0318	-023	-046	-263	-0009	00008	00007	701
-090	0455	0318	-021	-049	-257	00022	00000	00008	702
-103	0459	0325	-016	-045	-246	00025	00019	00013	703
-102	0452	0322	-021	-041	-249	00008	00016	00004	704
-094	0456	0322	-016	-044	-242	00018	00021	00017	705
-096	0450	0320	-025	-044	-244	00025	-0001	-0001	706
-103	0460	0329	-021	-044	-247	-0002	00015	00009	707
-107	0458	0321	-024	-041	-247	-0004	00013	00002	708
-093	0453	0319	-017	-048	-248	-0001	00012	00010	709
-103	0452	0318	-023	-042	-241	-0013	00011	00006	710
-101	0459	0319	-023	-033	-247	-0014	00008	-0001	711
-102	0452	0326	-022	-047	-245	-0009	00007	00000	712
-102	0453	0325	-026	-046	-254	00024	00000	00004	713
-095	0461	0316	-032	-037	-250	00024	-0001	00001	714
-085	0450	0317	-029	-039	-247	00001	00012	-0002	715
-097	0449	0315	-024	-038	-253	00030	-0003	00006	716
-092	0448	0322	-029	-040	-254	00018	00005	00007	717
-105	0456	0322	-023	-044	-244	-0002	00014	00006	718
-096	0451	0327	-017	-046	-253	-0012	00018	00002	719
-089	0449	0311	-024	-041	-265	-0006	00012	00005	720
-103	0450	0325	-019	-040	-249	00007	00008	00006	721
-089	0456	0322	-022	-037	-256	00005	00004	00004	722
-092	0438	0321	-016	-047	-253	00001	00013	00003	723
-104	0452	0313	-019	-043	-249	-0004	00015	00004	724
-100	0450	0314	-018	-033	-254	00001	00013	00008	725
-100	0460	0317	-020	-038	-249	00000	00013	00005	726
-091	0454	0312	-016	-038	-254	-0001	00010	00004	727
-086	0443	0315	-028	-048	-252	00000	00013	00006	728
-095	0447	0319	-020	-040	-248	-0001	00009	00002	729
-096	0450	0321	-021	-040	-254	00002	00010	00006	730
-089	0451	0317	-021	-043	-247	-0001	00008	00006	731
-097	0448	0319	-031	-043	-248	-0053	00012	-0010	732
-103	0450	0327	-027	-039	-260	00003	00009	00013	733
-101	0442	0324	-009	-041	-263	00076	-0022	00031	734
-086	0441	0318	-028	-044	-242	00105	00000	-0011	735
-091	0452	0316	-036	-042	-240	00097	-0002	-0022	736
-084	0456	0308	-030	-042	-255	00008	-0022	-0002	737
-082	0470	0302	-029	-044	-249	00053	00013	-0011	738
-077	0446	0307	-037	-052	-248	00001	00149	00082	739
-086	0443	0318	-019	-034	-258	-0076	00061	-0007	740
-100	0416	0326	-014	-026	-248	-0030	00149	-0030	741
-104	0438	0320	-022	-027	-247	00006	-0082	-0018	742
-103	0445	0311	-024	-031	-254	00030	00008	00004	743
-091	0436	0309	-034	-025	-256	-0022	00043	-0029	744
-095	0430	0308	-029	-036	-261	-0021	00010	-0004	745
-098	0435	0316	-025	-039	-258	00000	-0021	-0019	746
-105	0439	0315	-028	-031	-249	00000	-0021	-0034	747
-105	0439	0313	-027	-033	-259	00019	00015	00007	748
-103	0425	0310	-021	-032	-241	00033	00052	00019	749
-100	0426	0317	-019	-024	-258	00024	00019	-0014	750
-107	0424	0321	-028	-042	-249	00055	00023	-0009	751
-106	0410	0319	-034	-022	-261	00072	-0050	-0050	752
-098	0406	0323	-030	-028	-263	00000	00136	-0029	753
-111	0396	0329	-036	-020	-240	-0058	00129	00013	754
-105	0416	0322	-017	-021	-240	00037	-0210	00025	755
-093	0419	0319	-039	-035	-244	00013	-0020	00015	756
-116	0405	0321	-031	-030	-247	-0066	00086	00030	757
-104	0412	0318	-022	-035	-240	00017	00019	-0006	758
-102	0407	0324	-022	-023	-251	-0016	00013	00005	759
-116	0413	0327	-034	-029	-256	-0008	00048	00008	760
-104	0418	0318	-025	-026	-248	-0046	00027	00012	761
-104	0419	0325	-032	-025	-246	-0056	-0015	-0007	762
-107	0431	0325	-030	-021	-258	-0001	00008	00017	763
-113	0432	0323	-021	-030	-244	00013	00027	00013	764
-107	0429	0318	-022	-026	-245	00063	-0052	-0003	765
-115	0447	0318	-021	-027	-266	-0016	00019	-0011	766
-110	0440	0324	-020	-033	-247	00005	00030	-0038	767
-097	0451	0314	-024	-041	-248	00108	-0174	00071	768
-100	0447	0310	-033	-037	-264	-0007	00071	00016	769
-096	0440	0312	-021	-025	-267	00081	-0027	00012	770
-107	0444	0313	-033	-045	-258	-0107	-0028	-0013	771
-117	0450	0304	-021	-034	-261	-0014	00029	-0009	772
-118	0453	0311	-015	-044	-242	00029	00025	00019	773
-107	0444	0310	-019	-041	-255	00001	-0034	-0011	774
-109	0431	0314	-024	-042	-265	00051	00018	00005	775
-111	0432	0304	-023	-032	-250	00010	-0017	00007	776
-109	0439	0306	-022	-037	-237	00053	-0047	00002	777
-104	0446	0311	-040	-038	-223	00001	-0044	00013	778
-103	0462	0308	-037	-053	-242	-0022	00099	-0023	779
-105	0445	0307	-037	-043	-249	00033	00097	-0010	780
-105	0437	0306	-032	-042	-245	-0054	00014	-0044	781
-104	0444	0313	-034	-037	-244	-0043	00010	-0077	782
-106	0450	0310	-027	-040	-263	-0056	00035	-0102	783
-119	0451	0314	-028	-041	-257	00025	00082	-0024	784
-123	0449	0325	-017	-037	-245	-0003	00016	-0020	785
-125	0448	0317	-026	-025	-249	00030	-0007	-0001	786
-119	0463	0325	-014	-033	-255	00055	-0126	-0014	787
-116	0452	0314	-033	-047	-260	-0029	00071	00040	788
-108	0443	0319	-024	-031	-255	00051	00065	-0016	789
-133	0450	0317	-037	-033	-256	-0086	-0044	-0064	790
-137	0441	0322	-016	-033	-259	-0003	00018	-0042	791
-140	0437	0317	-017	-026	-249	-0002	00066	-0056	792
-139	0431	0316	-013	-026	-242	00057	00018	-0100	793
-141	0436	0318	-019	-038	-272	00032	-0099	-0054	794
-148	0447	0320	-024	-029	-233	-0018	-0113	-0118	795
-150	0454	0313	-014	-037	-232	00039	00077	-0070	796
-157	0449	0323	-028	-037	-234	-0060	00064	-0062	797
-171	0456	0318	-025	-043	-257	-0026	00128	-0188	798
-178	0446	0328	-025	-036	-244	00091	00115	-0027	799
-156	0442	0326	-037	-023	-259	-0049	00063	00038	800
-155	0446	0333	-021	-022	-260	-0036	00017	-0010	801
-165	0445	0333	-033	-027	-255	-0030	-0003	00009	802
-162	0445	0331	-032	-028	-272	-0047	00088	00025	803
-165	0434	0327	-023	-028	-254	-0001	00063	00044	804
-167	0444	0331	-019	-022	-244	00017	-0098	00022	805
-163	0440	0318	-024	-024	-248	00008	-0040	00045	806
-160	0432	0327	-019	-034	-243	00037	00060	00012	807
-151	0424	0328	-025	-032	-235	00188	-0001	00029	808
-164	0437	0313	0016	-001	-297	-0156	-0041	00017	809
-156	0441	0314	-031	-043	-253	-0030	00063	00031	810
-148	0429	0326	-038	-043	-247	00009	00092	-0029	811
-152	0430	0331	-028	-026	-252	-0208	00057	00008	812
-151	0433	0330	-011	-022	-259	00061	00058	00010	813
-153	0444	0341	-025	-028	-250	-0019	00014	00023	814
-145	0438	0328	-027	-038	-244	00093	00031	00073	815
-143	0438	0322	-015	-018	-279	00094	00080	00043	816
-142	0434	0327	-027	-026	-262	-0039	00003	00037	817
-152	0432	0330	-020	-026	-238	-0012	-0038	00016	818
-151	0432	0326	-026	-026	-256	-0018	-0092	00002	819
-161	0439	0324	-032	-034	-242	-0049	-0076	-0043	820
-154	0445	0322	-021	-037	-206	-0019	00051	00028	821
-153	0439	0316	-020	-034	-221	-0069	00082	-0008	822
-168	0436	0325	-023	-037	-271	-0150	00079	00044	823
-139	0427	0335	-013	-027	-274	00140	00136	00010	824
-137	0424	0335	-030	-025	-255	-0052	-0029	00104	825
-142	0413	0336	-030	-022	-270	-0041	00105	00073	826
-148	0418	0327	-017	-013	-267	-0043	00008	00004	827
-152	0423	0331	-024	-025	-241	00016	-0117	-0004	828
-144	0432	0327	-025	-027	-214	00071	-0066	-0011	829
-146	0437	0325	-014	-018	-226	-0001	-0018	-0046	830
-150	0438	0328	-015	-035	-242	-0136	00017	00013	831
-142	0439	0321	-023	-023	-270	00186	00054	-0051	832
-151	0441	0328	-024	-033	-258	-0160	00100	00043	833
-155	0445	0323	-003	-021	-269	-0006	-0035	00022	834
-152	0440	0324	-039	-032	-288	00001	00127	00075	835
-154	0416	0340	-018	-010	-256	-0003	00070	00058	836
-149	0414	0328	-014	-011	-246	00103	-0045	-0003	837
-149	0403	0335	-021	-021	-237	-0028	-0124	00082	838
-144	0417	0319	-022	-033	-202	00019	00023	00047	839
-145	0428	0321	-026	-020	-243	-0011	00028	-0031	840
-147	0429	0329	-020	-020	-245	-0035	00067	00016	841
-140	0426	0324	-038	-021	-240	-0176	-0025	00107	842
-145	0423	0323	-030	-028	-253	00103	00058	-0031	843
-140	0434	0328	-032	-023	-290	-0064	00039	00045	844
-159	0410	0335	-021	-017	-265	-0081	00106	00012	845
-155	0402	0336	-029	-021	-253	-0013	-0008	00038	846
-153	0417	0321	-019	-017	-244	-0019	-0141	00010	847
-150	0426	0333	-006	-024	-208	00007	-0022	00019	848
-145	0429	0322	-028	-028	-228	00051	00038	-0012	849
-142	0427	0328	-019	-020	-248	-0040	00078	00016	850
-141	0431	0328	-009	-015	-275	00074	-0033	-0029	851
-147	0439	0326	-050	-025	-287	-0017	00047	00019	852
-152	0416	0330	-013	-021	-273	-0028	00066	00054	853
-158	0404	0327	-018	-010	-254	00090	-0081	00011	854
-152	0412	0327	-024	-019	-213	-0071	-0072	00013	855
-143	0424	0320	-024	-025	-199	00026	-0038	00036	856
-148	0430	0328	-032	-024	-226	-0273	00114	00068	857
-145	0429	0329	-009	-013	-291	00217	-0049	-0035	858
-143	0425	0333	-021	-024	-324	-0027	00140	00046	859
-155	0416	0326	-015	-001	-268	00042	-0124	-0039	860
-149	0415	0333	-024	-031	-165	-0015	00030	00061	861
-143	0434	0324	-011	-026	-218	00120	00011	-0002	862
-148	0420	0334	-031	-008	-279	-0243	00106	00086	863
-143	0420	0335	-064	-005	-316	00067	-0024	-0022	864
-155	0412	0330	-021	-013	-293	-0125	00026	00001	865
-149	0414	0334	-030	-036	-219	00044	-0005	00012	866
-156	0416	0336	-007	-019	-154	00009	-0069	-0001	867
-142	0418	0318	-024	-027	-259	-0109	00087	00096	868
-144	0427	0327	-031	-015	-324	00189	00078	-0010	869
-141	0410	0333	-041	-016	-307	-0060	00136	00003	870
-140	0408	0326	-007	-034	-215	00079	00067	00018	871
-152	0402	0333	-008	-011	-153	00025	-0078	00006	872
-156	0429	0327	-029	-038	-239	-0039	00000	00020	873
-162	0431	0328	-021	-014	-270	-0060	00061	-0021	874
-145	0423	0327	-040	-015	-330	00005	-0001	00039	875
-158	0408	0329	-029	0004	-268	00042	-0123	-0048	876
-137	0413	0326	-015	-048	-178	00110	00082	00028	877
-143	0431	0334	-028	0001	-190	00011	-0248	-0149	878
-152	0431	0331	-016	-031	-255	-0139	00236	00024	879
-147	0416	0339	-048	-017	-298	00002	00069	00046	880
-148	0413	0328	-042	-009	-313	-0028	-0013	-0026	881
-129	0405	0330	-022	-004	-262	00150	-0086	00021	882
-150	0406	0329	-014	-020	-174	-0065	-0012	-0033	883
-155	0428	0327	-011	-012	-221	-0062	-0025	-0016	884
-144	0428	0326	-033	-029	-269	-0220	00167	00045	885
-137	0429	0331	-026	-018	-306	00193	00023	00029	886
-146	0418	0334	-028	-021	-291	00009	-0026	-0019	887
-141	0422	0329	-027	-027	-223	00071	-0028	-0017	888
-156	0424	0329	-022	-031	-144	-0114	-0016	00067	889
-152	0432	0322	-024	-015	-245	00147	00044	-0025	890
-151	0416	0333	-009	-017	-279	-0197	00250	00067	891
-147	0401	0336	-027	-009	-321	00088	00047	-0032	892
-141	0405	0331	-025	-017	-254	00077	-0114	00004	893
-149	0408	0331	-039	-043	-231	-0107	-0068	00030	894
-141	0415	0332	-017	-024	-162	00159	-0018	00018	895
-135	0416	0324	-007	-024	-241	00050	00097	00023	896
-148	0409	0338	-023	-018	-260	-0187	00076	00028	897
-138	0432	0326	-048	-021	-273	00074	00013	00010	898
-137	0397	0338	-031	-010	-276	-0085	00137	00044	899
-143	0406	0335	-025	-009	-237	00057	-0173	00032	900
-134	0420	0325	-026	-031	-216	00028	-0130	-0047	901
-149	0418	0320	-027	-026	-236	-0131	00064	-0002	902
-135	0414	0329	-017	-021	-220	00091	00094	00010	903
-138	0412	0326	-042	-031	-249	-0036	00035	-0024	904
-134	0402	0332	-022	-012	-309	-0032	00072	-0024	905
-147	0399	0339	-020	-011	-306	-0058	00029	00047	906
-146	0410	0336	-027	-023	-224	-0073	-0164	00039	907
-149	0423	0335	-004	-027	-145	00170	00047	00008	908
-149	0405	0323	-038	-024	-207	-0130	00134	00111	909
-130	0423	0327	-051	-011	-327	00111	-0002	00015	910
-138	0408	0336	-031	-019	-282	-0109	00134	-0039	911
-153	0411	0333	-024	-010	-291	-0064	-0023	-0004	912
-149	0397	0327	-024	-003	-272	00070	00010	00041	913
-154	0399	0345	-015	-017	-233	00046	-0104	00053	914
-137	0417	0327	-003	-018	-172	00143	-0109	-0050	915
-133	0422	0324	-035	-028	-211	00080	00230	-0120	916
-137	0416	0329	-038	-028	-264	-0250	00130	00099	917
-137	0411	0331	-034	-011	-322	00096	-0084	-0004	918
-153	0417	0324	-014	-003	-272	-0114	-0103	00012	919
-150	0416	0326	-019	-028	-246	00007	-0091	00070	920
-147	0427	0327	-019	-032	-217	-0029	-0102	00008	921
-152	0425	0326	-020	-037	-223	00007	00063	-0009	922
-147	0422	0328	-025	-030	-250	00050	00071	-0013	923
-145	0414	0321	-022	-033	-256	00005	00086	00025	924
-132	0415	0327	-027	-029	-257	00094	-0051	-0008	925
-129	0415	0321	-031	-026	-255	00064	00033	-0060	926
-124	0406	0329	-031	-021	-244	00160	00070	-0045	927
-115	0409	0332	-049	-031	-246	-0003	00069	00017	928
-113	0399	0340	-043	-015	-251	-0024	00074	-0121	929
-124	0407	0328	-034	-010	-256	00051	-0048	-0110	930
-128	0404	0327	-043	-026	-267	-0080	00093	-0043	931
-133	0395	0346	-049	-005	-257	-0060	00067	00015	932
-122	0399	0334	-038	-008	-251	00058	-0075	00063	933
-128	0400	0331	-032	-030	-259	-0078	00004	00095	934
-122	0399	0331	-041	-009	-246	-0009	00010	00065	935
-122	0388	0342	-025	-020	-265	-0039	00071	00044	936
-125	0397	0334	-031	-019	-249	00033	-0047	00019	937
-124	0392	0334	-023	-017	-254	00023	-0015	-0029	938
-130	0407	0339	-046	-017	-253	-0099	-0035	-0039	939
-143	0409	0341	-035	-017	-256	-0076	-0008	-0025	940
-133	0418	0335	-024	-019	-258	00024	-0025	-0016	941
-142	0417	0327	-037	-025	-257	00005	00007	-0017	942
-134	0419	0326	-032	-018	-250	00027	00029	00036	943
-137	0418	0335	-027	-026	-254	00007	-0029	-0019	944
-135	0422	0325	-039	-018	-268	00028	-0090	-0044	945
-138	0424	0328	-034	-035	-243	-0032	00001	00051	946
-133	0430	0330	-019	-023	-257	00001	00018	00005	947
-136	0423	0325	-032	-031	-253	-0024	00052	00030	948
-134	0429	0318	-027	-031	-256	00037	-0027	00056	949
-136	0422	0318	-031	-031	-249	00013	00042	00022	950
-128	0423	0333	-027	-030	-246	-0004	00031	-0001	951
-122	0422	0326	-031	-023	-258	-0012	00010	00005	952
-120	0424	0327	-039	-025	-247	-0035	-0004	00007	953
-124	0418	0334	-031	-026	-246	00036	00039	00020	954
-126	0420	0327	-035	-017	-247	00022	00017	-0001	955
-131	0416	0328	-036	-021	-240	00005	00024	00001	956
-130	0410	0322	-028	-018	-255	-0012	00004	00005	957
-124	0417	0324	-036	-020	-249	-0009	00017	00008	958
-124	0414	0331	-021	-021	-261	00023	00004	00014	959
-135	0418	0325	-028	-020	-258	-0016	00019	-0013	960
-130	0413	0327	-028	-020	-249	00006	00002	00010	961
-128	0417	0332	-024	-031	-254	-0010	00023	00003	962
-128	0407	0328	-028	-027	-254	-0024	00002	00003	963
-129	0412	0331	-031	-018	-257	-0020	00023	00003	964
-125	0416	0327	-031	-029	-253	-0006	00001	00009	965
-129	0409	0321	-033	-016	-260	-0028	00032	00000	966
-127	0420	0335	-037	-027	-255	00014	00002	00017	967
-133	0410	0327	-021	-023	-247	00007	00016	00005	968
-137	0413	0326	-031	-021	-251	-0012	00014	00005	969
-126	0401	0331	-027	-023	-248	00004	00014	00001	970
-129	0418	0338	-026	-021	-256	-0005	00035	00005	971
-129	0407	0328	-032	-022	-262	00017	00018	00017	972
-134	0414	0336	-031	-019	-247	00012	00020	-0001	973
-122	0411	0334	-039	-016	-253	-0009	00005	00003	974
-131	0409	0335	-030	-022	-250	-0006	00022	-0013	975
-132	0409	0334	-022	-028	-255	00028	00027	00006	976
-130	0417	0327	-030	-018	-245	-0018	00013	00000	977
-135	0412	0329	-028	-015	-250	00006	00025	00006	978
-136	0414	0328	-031	-019	-258	-0014	00007	00009	979
-135	0416	0333	-032	-018	-253	00007	00008	00005	980
-139	0407	0334	-028	-023	-244	00006	00007	00015	981
-129	0407	0332	-033	-025	-245	00010	00000	00016	982
-133	0415	0327	-036	-027	-253	-0020	00032	00004	983
-134	0414	0327	-032	-016	-250	-0012	00007	00012	984
-135	0415	0331	-026	-027	-246	00002	00000	00010	985
-126	0402	0331	-032	-024	-248	00015	00003	00008	986
-139	0417	0334	-027	-017	-251	00007	00029	-0004	987
-138	0411	0330	-030	-019	-249	-0020	00030	00022	988
-136	0415	0336	-026	-025	-249	00019	00009	00005	989
-137	0413	0335	-019	-015	-245	-0005	00021	00007	990
-132	0408	0332	-024	-017	-253	00007	00022	-0003	991
-136	0415	0338	-028	-014	-250	-0014	00036	00012	992
-139	0411	0335	-027	-017	-253	-0008	-0019	00007	993
-139	0413	0338	-034	-013	-257	00007	00028	00001	994
-135	0405	0335	-025	-018	-244	-0021	00042	00000	995
-140	0409	0329	-032	-021	-247	-0001	00010	00021	996
-137	0421	0329	-025	-019	-259	-0029	00008	00006	997
-140	0405	0333	-019	-016	-250	00008	00050	-0005	998
-137	0408	0331	-025	-011	-256	00000	00016	00003	999
-133	0403	0335	-025	-010	-248	-0013	00022	00019	1000
-143	0407	0336	-021	-024	-257	-0046	00065	00015	1001
-143	0403	0338	-032	-012	-255	00007	-0019	00001	1002
-139	0418	0322	-029	-013	-261	-0062	00019	00034	1003
-143	0411	0341	-023	-007	-260	00017	00037	00036	1004
-141	0406	0334	-015	-004	-258	-0013	-0002	00025	1005
-137	0416	0329	-031	-013	-269	00036	00011	-0005	1006
-139	0410	0334	-015	-012	-249	-0005	00018	-0004	1007
-140	0416	0327	-018	-013	-254	-0032	-0037	-0021	1008
-153	0419	0330	-022	-011	-253	-0008	00020	00006	1009
-143	0436	0325	-025	-017	-256	-0011	-0019	-0023	1010
-142	0438	0324	-020	-025	-252	00028	-0078	00025	1011
-136	0453	0334	-027	-021	-244	-0078	00016	00018	1012
-136	0450	0321	-012	-020	-249	00043	-0153	00027	1013
-126	0448	0317	-037	-035	-282	00130	00128	00074	1014
-136	0455	0323	-012	-030	-264	00001	-0039	-0072	1015
-140	0471	0306	-013	-042	-228	-0009	-0142	-0058	1016
-142	0466	0309	-006	-031	-242	00184	00085	-0056	1017
-133	0458	0315	-037	-031	-259	-0155	00203	-0039	1018
-125	0467	0312	-025	-041	-226	00021	-0102	00145	1019
-123	0480	0317	-035	-042	-242	-0058	00014	00042	1020
-124	0461	0307	-032	-032	-239	-0099	00186	00162	1021
-123	0471	0319	-026	-041	-262	-0052	-0017	-0032	1022
-121	0461	0325	-031	-029	-244	-0029	-0004	00057	1023
-126	0457	0323	-021	-043	-257	00025	00040	00018	1024
-127	0455	0319	-026	-037	-256	-0033	00018	00052	1025
-129	0451	0318	-022	-032	-247	00002	00007	00010	1026
-125	0462	0324	-027	-038	-253	-0001	00011	00008	1027
-131	0459	0323	-027	-034	-254	00005	00016	00010	1028
-123	0455	0313	-025	-031	-244	-0005	00013	-0001	1029
-124	0454	0320	-027	-028	-258	-0002	00013	00001	1030
-135	0463	0329	-024	-030	-248	00001	00011	00008	1031
-122	0464	0324	-022	-032	-252	00001	00013	00005	1032
-126	0468	0325	-024	-040	-243	-0001	00013	00002	1033
-116	0454	0324	-024	-033	-251	00001	00014	00007	1034
-125	0450	0321	-019	-041	-251	00002	00013	00004	1035
-127	0456	0331	-028	-043	-257	00001	00011	00004	1036
-134	0452	0323	-022	-038	-243	-0001	00014	00009	1037
-122	0454	0320	-026	-036	-254	00003	00010	00004	1038
-137	0455	0322	-027	-034	-255	-0001	00011	00006	1039
-127	0459	0321	-022	-028	-248	00000	00012	00006	1040
-129	0460	0324	-026	-035	-253	-0005	00010	00006	1041
-128	0450	0318	-023	-033	-255	-0012	00007	-0004	1042
-130	0461	0314	-019	-039	-246	00000	00012	00011	1043
-127	0463	0315	-025	-045	-255	00007	00014	00007	1044
-127	0469	0322	-033	-041	-245	-0002	00007	00002	1045
-137	0458	0319	-021	-036	-248	-0003	00007	00006	1046
-131	0465	0316	-022	-028	-248	-0002	00009	-0001	1047
-128	0454	0324	-034	-035	-249	-0002	00007	00003	1048
-124	0462	0327	-028	-035	-246	-0001	00010	00006	1049
-126	0465	0317	-035	-039	-253	-0004	00012	00003	1050
-133	0472	0324	-028	-032	-240	00005	00011	00009	1051
-125	0461	0318	-029	-040	-250	00003	00014	00008	1052
-125	0459	0325	-026	-036	-253	00002	00010	00001	1053
-130	0457	0317	-035	-036	-253	-0005	00012	00007	1054
-131	0457	0320	-026	-038	-253	-0002	00007	00003	1055
-129	0461	0320	-024	-033	-251	00000	00011	00006	1056
-134	0458	0317	-027	-028	-253	-0001	00015	00005	1057
-126	0466	0318	-019	-039	-249	00001	00012	00003	1058
-126	0464	0325	-027	-039	-257	00003	00012	00007	1059
-122	0476	0330	-025	-039	-242	00003	00009	00005	1060
-126	0462	0321	-026	-039	-253	00002	00014	00003	1061
-132	0462	0327	-022	-035	-247	-0005	00013	00003	1062
-130	0452	0323	-023	-035	-256	00002	00011	00005	1063
-131	0467	0314	-027	-033	-242	-0003	00013	00008	1064
-124	0455	0319	-031	-045	-251	00000	00016	00003	1065
-132	0463	0322	-037	-034	-257	00001	00010	00005	1066
-122	0456	0332	-027	-035	-264	00002	00014	00009	1067
-128	0463	0321	-025	-033	-243	-0001	00012	00000	1068
-121	0462	0321	-026	-036	-243	-0003	00007	00003	1069
-129	0461	0321	-019	-039	-254	00002	00012	00001	1070
-133	0464	0310	-021	-041	-245	-0001	00013	00007	1071
-132	0456	0321	-023	-039	-255	00003	00010	00004	1072
-129	0455	0327	-029	-037	-247	-0001	00010	00002	1073
-135	0463	0318	-024	-040	-243	00002	00011	00007	1074
-130	0466	0323	-025	-035	-258	-0001	00014	00001	1075
-123	0462	0324	-024	-039	-244	-0003	00014	00006	1076
-125	0458	0321	-031	-041	-243	-0003	00014	00007	1077
-132	0449	0326	-028	-030	-261	-0002	00012	00002	1078
-128	0461	0320	-029	-036	-249	-0001	00013	00002	1079
-128	0472	0323	-027	-036	-248	-0002	00012	00003	1080
-128	0460	0326	-024	-041	-243	00000	00011	00005	1081
-130	0463	0316	-023	-037	-253	-0002	00014	00001	1082
-127	0462	0323	-020	-039	-253	-0001	00009	00008	1083
-134	0463	0329	-019	-037	-257	00003	00008	00009	1084
-129	0462	0323	-023	-036	-246	00000	00014	00004	1085
-133	0468	0319	-023	-035	-256	-0002	00011	00003	1086
-138	0460	0319	-021	-043	-245	00002	00012	00009	1087
-129	0460	0327	-019	-032	-250	00001	00009	00002	1088
-131	0456	0317	-025	-039	-254	00002	00014	00005	1089
-129	0462	0322	-024	-040	-253	-0001	00012	00003	1090
-131	0462	0322	-031	-037	-257	00003	00012	00003	1091
-126	0468	0325	-028	-034	-249	-0001	00012	00005	1092
-134	0453	0326	-027	-028	-256	00001	00012	00004	1093
-131	0473	0325	-028	-031	-244	00000	00010	00005	1094
-132	0461	0318	-028	-034	-253	00004	00014	00001	1095
-128	0450	0319	-021	-033	-254	-0004	00010	00003	1096
-132	0458	0326	-023	-038	-260	-0002	00011	00004	1097
-137	0472	0323	-026	-037	-244	00004	00011	00004	1098
-134	0454	0313	-029	-036	-245	00001	00012	00006	1099
-127	0465	0324	-029	-036	-246	00001	00012	00001	1100
-123	0462	0328	-025	-041	-250	00004	00010	00004	1101
-126	0459	0320	-021	-038	-244	-0002	00011	00011	1102
-137	0459	0326	-025	-049	-257	00002	00010	00006	1103
-129	0459	0312	-025	-035	-249	-0001	00012	00007	1104
-123	0464	0322	-024	-036	-259	00002	00010	00007	1105
-125	0465	0322	-028	-047	-244	00001	00011	00003	1106
-120	0475	0310	-033	-032	-253	00001	00014	00004	1107
-128	0463	0321	-024	-039	-255	-0001	00011	00004	1108
-135	0455	0323	-023	-033	-244	00000	00010	00004	1109
-124	0455	0320	-023	-033	-260	00001	00011	00005	1110
-126	0462	0318	-022	-040	-242	00004	00012	00004	1111
-126	0455	0329	-022	-039	-250	00004	00011	00001	1112
-130	0468	0311	-024	-037	-244	-0001	00012	00006	1113
-122	0463	0318	-023	-035	-251	-0001	00015	00005	1114
-128	0456	0319	-027	-039	-244	-0004	00011	00005	1115
-139	0464	0324	-022	-033	-238	00002	00010	00001	1116
-128	0472	0317	-021	-042	-248	00001	00010	-0001	1117
-128	0459	0323	-025	-038	-256	-0001	00012	00001	1118
-121	0469	0320	-031	-033	-250	00002	00012	00001	1119
-129	0465	0319	-031	-034	-256	00000	00015	-0001	1120
-133	0471	0326	-028	-033	-245	-0001	00007	00008	1121
-123	0464	0324	-024	-037	-251	00001	00015	00007	1122
-126	0464	0318	-026	-028	-248	-0009	00010	00011	1123
-122	0459	0314	-026	-035	-247	-0011	00011	-0003	1124
-131	0457	0324	-021	-041	-253	00011	00015	00011	1125
-129	0454	0328	-030	-036	-245	-0009	00004	-0002	1126
-128	0463	0325	-033	-037	-246	-0007	00009	-0005	1127
